15481
1960646
434
821855
425564
158308
4953
197007
1906980
1531319
547042
22362
189227
1709841
8579535
134575
284216
227393
136049
3304
40660
42
104505
1406940
2715695
191400
192179
153000
3347
192079
1145788
212099
9421
775459
279
395099
191520
1549255
185956
1047
1041131
18420
17384
7017
84375
2533
186088
765353
71612
191654
1937184
186169
43682
207627
343238
2521
6273
10719
313
20313
948414
63093
5381986
514745
67
62541
8942
16552
274371
199511
1512380
188395
1702990
376567
10026
165743
191678
535602
179213
322827
429572
8964239
188764
47253
21328
1579
17452
23082
10799
62357
534445
1524408
22438
135563
14175
165
45909
136278
697225
185081
356493
55990
136208
