20935
2172356
427
820579
425320
159275
5456
197766
1906956
1659623
547872
23637
188147
1715483
8977175
134620
284199
224375
139553
3016
40235
41
110575
1502666
2850835
192340
192090
153057
3251
192665
1145484
212642
10337
774758
272
395068
191526
1576689
185958
1047
1050996
18977
17771
6269
86189
2606
186023
765398
70966
191711
1986670
186203
48314
207169
348844
2505
6025
11126
315
20776
965288
65603
5452803
429474
70
62882
9203
17318
276783
199673
1566556
188426
1763676
376582
10454
160294
191025
536150
181475
322694
424787
9033869
188774
47086
21507
1334
13198
15765
9170
64475
539114
1524403
23174
135681
11291
164
45615
135510
697222
185190
357397
56482
136180
