21115
2210448
431
821589
424949
160017
5597
197467
1906948
1663623
547600
24684
186647
1720683
8962863
134622
284232
223985
139918
3186
40542
40
106125
1425529
2718757
191397
192158
153128
3285
192095
1145603
212991
10297
774582
276
395145
191526
1530963
185962
1040
1028518
18055
16958
6148
84725
2544
186064
765366
71554
191663
1949173
186174
45724
207493
345476
2544
6233
11308
325
21206
950159
63640
5665701
513045
71
62576
8950
17019
271494
199593
1510989
188383
1707741
376582
8517
157858
191685
534129
178905
322739
430010
8845095
188750
45556
22613
1464
17431
16119
8842
65344
527506
1524402
23648
135527
11355
155
46190
135492
663596
185511
354099
56049
136293
