8176
1055915
129
705509
150189
45014
8295
69326
674134
825514
184064
9055
68229
597000
428079
48650
99913
54173
50367
724
14504
38
6358
406865
6028936
62894
49460
54189
4742
69367
401703
76181
4147
272902
137
138925
67608
139686
66943
348
96245
1099
604
4485
32
1544
66914
4
28760
67283
202755
68564
18689
83977
99416
1484
3208
1095
1190
19983
143344
40174
1420031
12204
8627
24109
2994
7718
73829
72041
486138
67836
139457
133872
2716
84988
67002
173294
39725
137392
147027
4290319
68204
18924
9902
365
7975
1300
13034
23557
108032
536743
3491
48209
5131
146
10
40309
9545
66907
122263
19906
47798
