8073
1347349
69
835411
151264
41938
8893
70020
670401
807247
184268
8961
72295
595607
432638
48753
99811
54022
50267
818
14776
40
6518
408673
6044006
54954
49643
54217
4727
67664
401667
77178
4053
272894
76
138638
67041
139622
66958
321
100860
1103
591
4449
32
1536
67161
4
28599
67335
202665
67610
16517
83967
99421
1353
3264
567
1151
19549
143176
62181
1383224
12528
8646
24112
2897
8097
73976
72991
454449
67866
139307
133870
2412
86186
67017
172051
49099
138382
151493
4312249
68223
19253
5023
382
7965
6406
3887
22728
118998
536812
3565
32407
4954
125
6
41914
122131
66599
122754
22222
47808
