8036
1313844
59
834107
151245
44774
8766
70039
669537
798253
184686
8415
68131
600873
433556
48673
101507
54026
50369
1226
14886
40
6503
416680
6037969
69693
52061
56146
4560
67774
401673
74777
4863
241832
155
139461
67659
140241
67187
365
114509
1379
780
4486
46
1409
67018
4
29625
67568
203575
67687
16636
85559
99803
1362
3286
609
1152
19453
144004
24741
2118706
12824
8760
24144
2966
9982
76877
72061
575043
67332
139345
133904
2648
95103
67160
177238
46341
138377
152284
5497497
68395
19388
5446
398
8189
4849
1554
22803
191501
535689
3909
47820
732
155
7
47936
122853
67339
123376
18797
47840
