714
188076
47
12012
2306
1174
1631
3278
31518
114055
5294
364
2125
52521
2468737
1476
2314
3176
9531
383
399
32
13561
51777
32442
802
550
9597
1225
9768
11751
1811
697
10039
57
16013
11094
11718
13700
1233
16156
2181
1364
1623
49
58
2536
4
6070
1753
9459
1946
1869
11504
11851
64
457
1261
44
1212
23867
12046
145132
8378
1293
4464
400
2613
8090
1422
113457
1762
1482
3508
288
87471
10815
5322
6575
6723
2983
134390
1755
565
859
114
728
170
943
447
11231
24319
1091
5067
354
34
9
698
1628
1544
12137
824
921
