552
205949
64
17714
4025
1269
1920
3239
31534
111504
4963
363
2057
48577
2477916
955
2299
1755
1254
160
397
37
13775
51628
33038
1187
564
10569
1394
1953
11897
2487
697
14190
41
10425
14324
28054
1824
1386
13707
2178
1394
531
48
58
2549
4
1624
1727
9441
1929
2183
10831
21019
67
442
974
48
1012
15063
722
139995
6355
996
457
385
356
7780
1345
101416
4018
1242
3516
1147
97253
1281
9243
14301
27637
3071
125458
1763
503
905
413
714
222
628
432
11690
24118
1078
5059
986
33
6
898
1578
1567
12097
845
925
