1554
184639
33
5968
2218
1177
1747
3275
31362
111080
4972
370
1896
56141
2427606
2774
1716
889
1280
325
426
31
13959
43756
33456
1010
563
10135
1220
4213
11876
1795
486
11880
43
10846
3166
5081
12498
1397
16064
2097
1382
1725
49
72
3083
4
1658
1780
9418
1936
2682
9705
7815
73
471
906
53
986
15328
1841
185305
10973
1018
4721
391
411
7937
9890
114630
8751
1322
3548
1163
93567
1348
9369
7228
12260
27392
139280
2029
526
949
414
723
229
578
444
10901
22581
966
819
200
33
5
664
1574
1520
12207
817
912
